1.0000000000e-04
1.0263254282e-04
1.0533438846e-04
1.0810736135e-04
1.1095333393e-04
1.1387422796e-04
1.1687201578e-04
1.1994872164e-04
1.2310642311e-04
1.2634725241e-04
1.2967339794e-04
1.3308710567e-04
1.3659068072e-04
1.4018648888e-04
1.4387695824e-04
1.4766458078e-04
1.5155191410e-04
1.5554158314e-04
1.5963628193e-04
1.6383877541e-04
1.6815190133e-04
1.7257857215e-04
1.7712177696e-04
1.8178458359e-04
1.8657014060e-04
1.9148167945e-04
1.9652251666e-04
2.0169605607e-04
2.0700579112e-04
2.1245530722e-04
2.1804828416e-04
2.2378849862e-04
2.2967982668e-04
2.3572624647e-04
2.4193184086e-04
2.4830080017e-04
2.5483742507e-04
2.6154612942e-04
2.6843144328e-04
2.7549801597e-04
2.8275061922e-04
2.9019415036e-04
2.9783363564e-04
3.0567423364e-04
3.1372123874e-04
3.2198008470e-04
3.3045634831e-04
3.3915575319e-04
3.4808417364e-04
3.5724763857e-04
3.6665233564e-04
3.7630461539e-04
3.8621099554e-04
3.9637816539e-04
4.0681299033e-04
4.1752251652e-04
4.2851397556e-04
4.3979478948e-04
4.5137257565e-04
4.6325515199e-04
4.7545054225e-04
4.8796698138e-04
5.0081292114e-04
5.1399703575e-04
5.2752822783e-04
5.4141563433e-04
5.5566863276e-04
5.7029684748e-04
5.8531015621e-04
6.0071869672e-04
6.1653287367e-04
6.3276336559e-04
6.4942113216e-04
6.6651742157e-04
6.8406377812e-04
7.0207205002e-04
7.2055439739e-04
7.3952330047e-04
7.5899156805e-04
7.7897234611e-04
7.9947912670e-04
8.2052575708e-04
8.4212644901e-04
8.6429578841e-04
8.8704874517e-04
9.1040068325e-04
9.3436737111e-04
9.5896499228e-04
9.8421015637e-04
1.0101199102e-03
1.0367117494e-03
1.0640036302e-03
1.0920139814e-03
1.1207617171e-03
1.1502662492e-03
1.1805475008e-03
1.2116259194e-03
1.2435224905e-03
1.2762587526e-03
1.3098568108e-03
1.3443393523e-03
1.3797296615e-03
1.4160516357e-03
1.4533298014e-03
1.4915893308e-03
1.5308560586e-03
1.5711565000e-03
1.6125178676e-03
1.6549680911e-03
1.6985358348e-03
1.7432505180e-03
1.7891423344e-03
1.8362422725e-03
1.8845821367e-03
1.9341945685e-03
1.9851130688e-03
2.0373720205e-03
2.0910067114e-03
2.1460533585e-03
2.2025491322e-03
2.2605321813e-03
2.3200416590e-03
2.3811177492e-03
2.4438016936e-03
2.5081358198e-03
2.5741635693e-03
2.6419295276e-03
2.7114794538e-03
2.7828603116e-03
2.8561203010e-03
2.9313088910e-03
3.0084768529e-03
3.0876762944e-03
3.1689606951e-03
3.2523849424e-03
3.3380053688e-03
3.4258797896e-03
3.5160675422e-03
3.6086295259e-03
3.7036282436e-03
3.8011278431e-03
3.9011941614e-03
4.0038947683e-03
4.1092990127e-03
4.2174780690e-03
4.3285049852e-03
4.4424547326e-03
4.5594042558e-03
4.6794325254e-03
4.8026205905e-03
4.9290516342e-03
5.0588110293e-03
5.1919863960e-03
5.3286676613e-03
5.4689471194e-03
5.6129194943e-03
5.7606820037e-03
5.9123344244e-03
6.0679791600e-03
6.2277213099e-03
6.3916687403e-03
6.5599321571e-03
6.7326251803e-03
6.9098644213e-03
7.0917695613e-03
7.2784634319e-03
7.4700720987e-03
7.6667249457e-03
7.8685547630e-03
8.0756978368e-03
8.2882940407e-03
8.5064869306e-03
8.7304238419e-03
8.9602559882e-03
9.1961385642e-03
9.4382308500e-03
9.6866963190e-03
9.9417027478e-03
1.0203422330e-02
1.0472031792e-02
1.0747712514e-02
1.1030650648e-02
1.1321037250e-02
1.1619068404e-02
1.1924945356e-02
1.2238874649e-02
1.2561068265e-02
1.2891743766e-02
1.3231124442e-02
1.3579439459e-02
1.3936924017e-02
1.4303819511e-02
1.4680373685e-02
1.5066840809e-02
1.5463481845e-02
1.5870564627e-02
1.6288364037e-02
1.6717162195e-02
1.7157248649e-02
1.7608920567e-02
1.8072482942e-02
1.8548248795e-02
1.9036539387e-02
1.9537684439e-02
2.0052022348e-02
2.0579900424e-02
2.1121675115e-02
2.1677712258e-02
2.2248387316e-02
2.2834085640e-02
2.3435202723e-02
2.4052144470e-02
2.4685327474e-02
2.5335179290e-02
2.6002138735e-02
2.6686656172e-02
2.7389193824e-02
2.8110226081e-02
2.8850239820e-02
2.9609734738e-02
3.0389223685e-02
3.1189233012e-02
3.2010302928e-02
3.2852987860e-02
3.3717856835e-02
3.4605493855e-02
3.5516498300e-02
3.6451485327e-02
3.7411086288e-02
3.8395949156e-02
3.9406738960e-02
4.0444138238e-02
4.1508847497e-02
4.2601585683e-02
4.3723090670e-02
4.4874119756e-02
4.6055450175e-02
4.7267879624e-02
4.8512226797e-02
4.9789331942e-02
5.1100057427e-02
5.2445288321e-02
5.3825932996e-02
5.5242923732e-02
5.6697217356e-02
5.8189795883e-02
5.9721667179e-02
6.1293865642e-02
6.2907452904e-02
6.4563518541e-02
6.6263180815e-02
6.8007587426e-02
6.9797916288e-02
7.1635376325e-02
7.3521208283e-02
7.5456685576e-02
7.7443115137e-02
7.9481838307e-02
8.1574231738e-02
8.3721708321e-02
8.5925718146e-02
8.8187749472e-02
9.0509329743e-02
9.2892026608e-02
9.5337448988e-02
9.7847248160e-02
1.0042311887e-01
1.0306680048e-01
1.0578007814e-01
1.0856478399e-01
1.1142279842e-01
1.1435605131e-01
1.1736652333e-01
1.2045624732e-01
1.2362730961e-01
1.2688185148e-01
1.3022207056e-01
1.3365022233e-01
1.3716862167e-01
1.4077964437e-01
1.4448572880e-01
1.4828937748e-01
1.5219315885e-01
1.5619970893e-01
1.6031173316e-01
1.6453200818e-01
1.6886338376e-01
1.7330878465e-01
1.7787121262e-01
1.8255374846e-01
1.8735955407e-01
1.9229187456e-01
1.9735404051e-01
2.0254947014e-01
2.0788167168e-01
2.1335424571e-01
2.1897088759e-01
2.2473538998e-01
2.3065164536e-01
2.3672364870e-01
2.4295550013e-01
2.4935140771e-01
2.5591569030e-01
2.6265278044e-01
2.6956722736e-01
2.7666370006e-01
2.8394699044e-01
2.9142201656e-01
2.9909382595e-01
3.0696759900e-01
3.1504865250e-01
3.2334244319e-01
3.3185457148e-01
3.4059078518e-01
3.4955698346e-01
3.5875922074e-01
3.6820371086e-01
3.7789683123e-01
3.8784512714e-01
3.9805531620e-01
4.0853429286e-01
4.1928913307e-01
4.3032709905e-01
4.4165564422e-01
4.5328241818e-01
4.6521527196e-01
4.7746226321e-01
4.9003166176e-01
5.0293195510e-01
5.1617185420e-01
5.2976029930e-01
5.4370646604e-01
5.5801977160e-01
5.7270988105e-01
5.8778671392e-01
6.0326045088e-01
6.1914154059e-01
6.3544070678e-01
6.5216895551e-01
6.6933758255e-01
6.8695818104e-01
7.0504264934e-01
7.2360319901e-01
7.4265236310e-01
7.6220300459e-01
7.8226832509e-01
8.0286187374e-01
8.2399755638e-01
8.4568964492e-01
8.6795278698e-01
8.9080201579e-01
9.1425276033e-01
9.3832085576e-01
9.6302255411e-01
9.8837453525e-01
1.0143939182e+00
1.0410982724e+00
1.0685056303e+00
1.0966344986e+00
1.1255038714e+00
1.1551332428e+00
1.1855426201e+00
1.2167525372e+00
1.2487840688e+00
1.2816588442e+00
1.3153990622e+00
1.3500275058e+00
1.3855675580e+00
1.4220432173e+00
1.4594791140e+00
1.4979005267e+00
1.5373333995e+00
1.5778043596e+00
1.6193407350e+00
1.6619705733e+00
1.7057226604e+00
1.7506265399e+00
1.7967125332e+00
1.8440117601e+00
1.8925561593e+00
1.9423785107e+00
1.9935124568e+00
2.0459925259e+00
2.0998541553e+00
2.1551337152e+00
2.2118685332e+00
2.2700969195e+00
2.3298581930e+00
2.3911927077e+00
2.4541418797e+00
2.5187482157e+00
2.5850553411e+00
2.6531080299e+00
2.7229522350e+00
2.7946351187e+00
2.8682050849e+00
2.9437118121e+00
3.0212062861e+00
3.1007408354e+00
3.1823691657e+00
3.2661463968e+00
3.3521290994e+00
3.4403753335e+00
3.5309446874e+00
3.6238983184e+00
3.7192989935e+00
3.8172111323e+00
3.9177008500e+00
4.0208360026e+00
4.1266862322e+00
4.2353230145e+00
4.3468197065e+00
4.4612515968e+00
4.5786959556e+00
4.6992320874e+00
4.8229413844e+00
4.9499073818e+00
5.0802158133e+00
5.2139546701e+00
5.3512142596e+00
5.4920872666e+00
5.6366688158e+00
5.7850565362e+00
5.9373506269e+00
6.0936539248e+00
6.2540719739e+00
6.4187130968e+00
6.5876884678e+00
6.7611121878e+00
6.9391013615e+00
7.1217761765e+00
7.3092599841e+00
7.5016793833e+00
7.6991643056e+00
7.9018481030e+00
8.1098676381e+00
8.3233633767e+00
8.5424794819e+00
8.7673639125e+00
8.9981685220e+00
9.2350491617e+00
9.4781657857e+00
9.7276825589e+00
9.9837679680e+00
1.0246594935e+01
1.0516340935e+01
1.0793188113e+01
1.1077323413e+01
1.1368938695e+01
1.1668230875e+01
1.1975402049e+01
1.2290659637e+01
1.2614216515e+01
1.2946291167e+01
1.3287107826e+01
1.3636896629e+01
1.3995893773e+01
1.4364341670e+01
1.4742489116e+01
1.5130591455e+01
1.5528910755e+01
1.5937715980e+01
1.6357283179e+01
1.6787895663e+01
1.7229844206e+01
1.7683427233e+01
1.8148951027e+01
1.8626729935e+01
1.9117086577e+01
1.9620352068e+01
2.0136866239e+01
2.0666977866e+01
2.1211044908e+01
2.1769434749e+01
2.2342524441e+01
2.2930700965e+01
2.3534361488e+01
2.4153913632e+01
2.4789775752e+01
2.5442377215e+01
2.6112158690e+01
2.6799572450e+01
2.7505082671e+01
2.8229165751e+01
2.8972310628e+01
2.9735019113e+01
3.0517806225e+01
3.1321200542e+01
3.2145744559e+01
3.2991995051e+01
3.3860523449e+01
3.4751916229e+01
3.5666775306e+01
3.6605718440e+01
3.7569379654e+01
3.8558409662e+01
3.9573476308e+01
4.0615265019e+01
4.1684479263e+01
4.2781841031e+01
4.3908091317e+01
4.5063990624e+01
4.6250319475e+01
4.7467878941e+01
4.8717491182e+01
5.0000000000e+01
